

[views/insider_threat_overview]
version = 8.2.2.1
modtime = 1641383353.101328000

[views/manual_risk_modification]
version = 8.2.2.1
modtime = 1641383519.081335000

[views/user_metrics]
version = 8.2.2.1
modtime = 1641385922.782291000
